access,rank,runtime-with-openclose,runtime,throughput-withopenclose,throughput
read,0,2.0613554478e+02,2.0602043605e+02,3.4177377979e+08,3.4196473728e+08
read,1,2.0613575792e+02,2.0602065587e+02,3.4177342640e+08,3.4196437241e+08
read,2,2.0613568115e+02,2.0602057385e+02,3.4177355368e+08,3.4196450854e+08
read,3,2.0613602495e+02,2.0602089500e+02,3.4177298366e+08,3.4196397548e+08
read,4,2.0613573408e+02,2.0602061701e+02,3.4177346593e+08,3.4196443691e+08
read,5,2.0613573885e+02,2.0602062988e+02,3.4177345802e+08,3.4196441554e+08
read,6,2.0613568401e+02,2.0602058387e+02,3.4177354894e+08,3.4196449192e+08
read,7,2.0613598800e+02,2.0602089381e+02,3.4177304493e+08,3.4196397746e+08
read,8,2.0613582397e+02,2.0602072001e+02,3.4177331690e+08,3.4196426595e+08
read,9,2.0613606286e+02,2.0602091622e+02,3.4177292081e+08,3.4196394026e+08
read,10,2.0613554502e+02,2.0602043295e+02,3.4177377940e+08,3.4196474243e+08
read,11,2.0613575482e+02,2.0602065611e+02,3.4177343153e+08,3.4196437201e+08
read,12,2.0613568211e+02,2.0602057481e+02,3.4177355210e+08,3.4196450696e+08
read,13,2.0613599586e+02,2.0602089691e+02,3.4177303189e+08,3.4196397232e+08
read,14,2.0613572001e+02,2.0602061796e+02,3.4177348925e+08,3.4196443533e+08
read,15,2.0613573289e+02,2.0602062988e+02,3.4177346790e+08,3.4196441554e+08
read,16,2.0613568592e+02,2.0602058387e+02,3.4177354578e+08,3.4196449192e+08
read,17,2.0613598895e+02,2.0602089190e+02,3.4177304335e+08,3.4196398063e+08
read,18,2.0613582301e+02,2.0602072001e+02,3.4177331848e+08,3.4196426595e+08
read,19,2.0613602281e+02,2.0602091503e+02,3.4177298722e+08,3.4196394224e+08
read,20,2.0613554311e+02,2.0602043390e+02,3.4177378256e+08,3.4196474084e+08
read,21,2.0613575792e+02,2.0602065516e+02,3.4177342640e+08,3.4196437360e+08
read,22,2.0613568211e+02,2.0602057600e+02,3.4177355210e+08,3.4196450498e+08
read,23,2.0613599896e+02,2.0602089691e+02,3.4177302675e+08,3.4196397232e+08
read,24,2.0613572097e+02,2.0602061796e+02,3.4177348767e+08,3.4196443533e+08
read,25,2.0613573289e+02,2.0602063298e+02,3.4177346790e+08,3.4196441040e+08
read,26,2.0613568211e+02,2.0602058196e+02,3.4177355210e+08,3.4196449509e+08
read,27,2.0613598585e+02,2.0602089310e+02,3.4177304849e+08,3.4196397865e+08
read,28,2.0613582397e+02,2.0602072096e+02,3.4177331690e+08,3.4196426437e+08
read,29,2.0613601899e+02,2.0602091503e+02,3.4177299354e+08,3.4196394224e+08
read,30,2.0613554502e+02,2.0602043605e+02,3.4177377940e+08,3.4196473728e+08
read,31,2.0613575506e+02,2.0602065706e+02,3.4177343114e+08,3.4196437043e+08
read,32,2.0613567710e+02,2.0602057791e+02,3.4177356040e+08,3.4196450182e+08
read,33,2.0613600302e+02,2.0602089596e+02,3.4177302003e+08,3.4196397390e+08
read,34,2.0613572192e+02,2.0602061605e+02,3.4177348609e+08,3.4196443850e+08
read,35,2.0613573194e+02,2.0602062988e+02,3.4177346948e+08,3.4196441554e+08
read,36,2.0613568401e+02,2.0602058196e+02,3.4177354894e+08,3.4196449509e+08
read,37,2.0613598394e+02,2.0602089095e+02,3.4177305165e+08,3.4196398221e+08
read,38,2.0613582301e+02,2.0602072001e+02,3.4177331848e+08,3.4196426595e+08
read,39,2.0613602114e+02,2.0602091813e+02,3.4177298999e+08,3.4196393710e+08
read,40,2.0613554716e+02,2.0602043390e+02,3.4177377584e+08,3.4196474084e+08
read,41,2.0613575816e+02,2.0602065420e+02,3.4177342600e+08,3.4196437518e+08
read,42,2.0613567710e+02,2.0602057481e+02,3.4177356040e+08,3.4196450696e+08
read,43,2.0613599896e+02,2.0602089596e+02,3.4177302675e+08,3.4196397390e+08
read,44,2.0613572192e+02,2.0602061701e+02,3.4177348609e+08,3.4196443691e+08
read,45,2.0613573289e+02,2.0602062988e+02,3.4177346790e+08,3.4196441554e+08
read,46,2.0613568401e+02,2.0602058291e+02,3.4177354894e+08,3.4196449351e+08
read,47,2.0613598800e+02,2.0602089310e+02,3.4177304493e+08,3.4196397865e+08
read,48,2.0613582110e+02,2.0602071881e+02,3.4177332164e+08,3.4196426793e+08
read,49,2.0613601899e+02,2.0602091503e+02,3.4177299354e+08,3.4196394224e+08
read,50,2.0613554406e+02,2.0602043486e+02,3.4177378098e+08,3.4196473926e+08
read,51,2.0613575506e+02,2.0602065706e+02,3.4177343114e+08,3.4196437043e+08
read,52,2.0613567901e+02,2.0602057385e+02,3.4177355724e+08,3.4196450854e+08
read,53,2.0613599801e+02,2.0602089691e+02,3.4177302833e+08,3.4196397232e+08
read,54,2.0613572097e+02,2.0602061605e+02,3.4177348767e+08,3.4196443850e+08
read,55,2.0613573384e+02,2.0602063084e+02,3.4177346632e+08,3.4196441396e+08
read,56,2.0613571000e+02,2.0602058482e+02,3.4177350585e+08,3.4196449034e+08
read,57,2.0613598490e+02,2.0602089095e+02,3.4177305007e+08,3.4196398221e+08
read,58,2.0613582397e+02,2.0602072001e+02,3.4177331690e+08,3.4196426595e+08
read,59,2.0613602805e+02,2.0602091908e+02,3.4177297852e+08,3.4196393551e+08
read,60,2.0613554597e+02,2.0602043390e+02,3.4177377782e+08,3.4196474084e+08
read,61,2.0613576007e+02,2.0602065516e+02,3.4177342284e+08,3.4196437360e+08
read,62,2.0613567901e+02,2.0602057481e+02,3.4177355724e+08,3.4196450696e+08
read,63,2.0613599896e+02,2.0602089691e+02,3.4177302675e+08,3.4196397232e+08
read,64,2.0613572288e+02,2.0602061605e+02,3.4177348450e+08,3.4196443850e+08
read,65,2.0613573098e+02,2.0602063203e+02,3.4177347106e+08,3.4196441198e+08
read,66,2.0613568211e+02,2.0602058387e+02,3.4177355210e+08,3.4196449192e+08
read,67,2.0613598680e+02,2.0602089190e+02,3.4177304691e+08,3.4196398063e+08
read,68,2.0613582397e+02,2.0602072096e+02,3.4177331690e+08,3.4196426437e+08
read,69,2.0613601899e+02,2.0602091813e+02,3.4177299354e+08,3.4196393710e+08
read,70,2.0613554907e+02,2.0602043295e+02,3.4177377268e+08,3.4196474243e+08
read,71,2.0613575721e+02,2.0602065516e+02,3.4177342758e+08,3.4196437360e+08
read,72,2.0613567901e+02,2.0602057600e+02,3.4177355724e+08,3.4196450498e+08
read,73,2.0613599801e+02,2.0602089691e+02,3.4177302833e+08,3.4196397232e+08
read,74,2.0613572097e+02,2.0602062011e+02,3.4177348767e+08,3.4196443177e+08
read,75,2.0613573599e+02,2.0602063298e+02,3.4177346276e+08,3.4196441040e+08
read,76,2.0613568306e+02,2.0602058387e+02,3.4177355052e+08,3.4196449192e+08
read,77,2.0613598299e+02,2.0602089095e+02,3.4177305323e+08,3.4196398221e+08
read,78,2.0613582492e+02,2.0602072382e+02,3.4177331532e+08,3.4196425962e+08
read,79,2.0613601804e+02,2.0602091718e+02,3.4177299513e+08,3.4196393868e+08
read,80,2.0613554597e+02,2.0602043390e+02,3.4177377782e+08,3.4196474084e+08
read,81,2.0613575792e+02,2.0602065706e+02,3.4177342640e+08,3.4196437043e+08
read,82,2.0613567901e+02,2.0602057481e+02,3.4177355724e+08,3.4196450696e+08
read,83,2.0613599801e+02,2.0602089596e+02,3.4177302833e+08,3.4196397390e+08
read,84,2.0613572097e+02,2.0602061605e+02,3.4177348767e+08,3.4196443850e+08
read,85,2.0613573194e+02,2.0602063084e+02,3.4177346948e+08,3.4196441396e+08
read,86,2.0613568306e+02,2.0602058578e+02,3.4177355052e+08,3.4196448876e+08
read,87,2.0613598680e+02,2.0602089190e+02,3.4177304691e+08,3.4196398063e+08
read,88,2.0613582802e+02,2.0602072287e+02,3.4177331018e+08,3.4196426121e+08
read,89,2.0613601899e+02,2.0602091718e+02,3.4177299354e+08,3.4196393868e+08
read,90,2.0613554502e+02,2.0602043390e+02,3.4177377940e+08,3.4196474084e+08
read,91,2.0613575602e+02,2.0602065706e+02,3.4177342956e+08,3.4196437043e+08
read,92,2.0613567996e+02,2.0602057695e+02,3.4177355566e+08,3.4196450340e+08
read,93,2.0613599610e+02,2.0602089596e+02,3.4177303149e+08,3.4196397390e+08
read,94,2.0613572097e+02,2.0602061796e+02,3.4177348767e+08,3.4196443533e+08
read,95,2.0613573909e+02,2.0602063203e+02,3.4177345762e+08,3.4196441198e+08
read,96,2.0613568306e+02,2.0602058482e+02,3.4177355052e+08,3.4196449034e+08
read,97,2.0613598585e+02,2.0602089190e+02,3.4177304849e+08,3.4196398063e+08
read,98,2.0613586092e+02,2.0602072096e+02,3.4177325563e+08,3.4196426437e+08
read,99,2.0613601995e+02,2.0602091718e+02,3.4177299196e+08,3.4196393868e+08
read,100,2.0613554502e+02,2.0602043390e+02,3.4177377940e+08,3.4196474084e+08
read,101,2.0613575697e+02,2.0602065706e+02,3.4177342798e+08,3.4196437043e+08
read,102,2.0613567710e+02,2.0602057385e+02,3.4177356040e+08,3.4196450854e+08
read,103,2.0613599801e+02,2.0602089596e+02,3.4177302833e+08,3.4196397390e+08
read,104,2.0613572097e+02,2.0602061796e+02,3.4177348767e+08,3.4196443533e+08
read,105,2.0613573289e+02,2.0602063203e+02,3.4177346790e+08,3.4196441198e+08
read,106,2.0613568711e+02,2.0602058387e+02,3.4177354380e+08,3.4196449192e+08
read,107,2.0613598680e+02,2.0602089286e+02,3.4177304691e+08,3.4196397904e+08
read,108,2.0613582182e+02,2.0602072382e+02,3.4177332046e+08,3.4196425962e+08
read,109,2.0613601780e+02,2.0602091622e+02,3.4177299552e+08,3.4196394026e+08
read,110,2.0613554597e+02,2.0602043390e+02,3.4177377782e+08,3.4196474084e+08
read,111,2.0613575411e+02,2.0602065706e+02,3.4177343272e+08,3.4196437043e+08
read,112,2.0613567996e+02,2.0602057600e+02,3.4177355566e+08,3.4196450498e+08
read,113,2.0613599610e+02,2.0602089882e+02,3.4177303149e+08,3.4196396915e+08
read,114,2.0613571787e+02,2.0602062011e+02,3.4177349281e+08,3.4196443177e+08
read,115,2.0613577509e+02,2.0602063203e+02,3.4177339793e+08,3.4196441198e+08
read,116,2.0613568306e+02,2.0602058601e+02,3.4177355052e+08,3.4196448836e+08
read,117,2.0613598609e+02,2.0602089310e+02,3.4177304810e+08,3.4196397865e+08
read,118,2.0613582397e+02,2.0602072382e+02,3.4177331690e+08,3.4196425962e+08
read,119,2.0613601995e+02,2.0602091908e+02,3.4177299196e+08,3.4196393551e+08
read,120,2.0613554382e+02,2.0602043390e+02,3.4177378137e+08,3.4196474084e+08
read,121,2.0613575721e+02,2.0602065706e+02,3.4177342758e+08,3.4196437043e+08
read,122,2.0613567710e+02,2.0602057791e+02,3.4177356040e+08,3.4196450182e+08
read,123,2.0613599992e+02,2.0602089882e+02,3.4177302517e+08,3.4196396915e+08
read,124,2.0613571787e+02,2.0602061605e+02,3.4177349281e+08,3.4196443850e+08
read,125,2.0613573194e+02,2.0602062893e+02,3.4177346948e+08,3.4196441713e+08
read,126,2.0613571191e+02,2.0602059197e+02,3.4177350269e+08,3.4196447847e+08
read,127,2.0613598585e+02,2.0602089286e+02,3.4177304849e+08,3.4196397904e+08
read,128,2.0613584614e+02,2.0602072191e+02,3.4177328014e+08,3.4196426279e+08
read,129,2.0613601995e+02,2.0602091622e+02,3.4177299196e+08,3.4196394026e+08
read,130,2.0613554502e+02,2.0602043486e+02,3.4177377940e+08,3.4196473926e+08
read,131,2.0613575816e+02,2.0602066016e+02,3.4177342600e+08,3.4196436529e+08
read,132,2.0613567996e+02,2.0602057695e+02,3.4177355566e+08,3.4196450340e+08
read,133,2.0613599896e+02,2.0602089691e+02,3.4177302675e+08,3.4196397232e+08
read,134,2.0613572788e+02,2.0602061892e+02,3.4177347620e+08,3.4196443375e+08
read,135,2.0613573003e+02,2.0602063107e+02,3.4177347265e+08,3.4196441357e+08
read,136,2.0613568306e+02,2.0602059197e+02,3.4177355052e+08,3.4196447847e+08
read,137,2.0613598704e+02,2.0602089500e+02,3.4177304651e+08,3.4196397548e+08
read,138,2.0613582301e+02,2.0602072001e+02,3.4177331848e+08,3.4196426595e+08
read,139,2.0613601899e+02,2.0602091908e+02,3.4177299354e+08,3.4196393551e+08
read,140,2.0613554192e+02,2.0602043390e+02,3.4177378454e+08,3.4196474084e+08
read,141,2.0613578892e+02,2.0602065706e+02,3.4177337501e+08,3.4196437043e+08
read,142,2.0613567805e+02,2.0602057695e+02,3.4177355882e+08,3.4196450340e+08
read,143,2.0613599896e+02,2.0602089787e+02,3.4177302675e+08,3.4196397073e+08
read,144,2.0613571906e+02,2.0602061796e+02,3.4177349083e+08,3.4196443533e+08
read,145,2.0613573694e+02,2.0602063394e+02,3.4177346118e+08,3.4196440882e+08
read,146,2.0613568401e+02,2.0602058983e+02,3.4177354894e+08,3.4196448203e+08
read,147,2.0613599014e+02,2.0602089095e+02,3.4177304138e+08,3.4196398221e+08
read,148,2.0613582206e+02,2.0602072382e+02,3.4177332006e+08,3.4196425962e+08
read,149,2.0613601804e+02,2.0602091718e+02,3.4177299513e+08,3.4196393868e+08
read,150,2.0613554478e+02,2.0602043486e+02,3.4177377979e+08,3.4196473926e+08
read,151,2.0613575411e+02,2.0602065802e+02,3.4177343272e+08,3.4196436885e+08
read,152,2.0613567805e+02,2.0602057695e+02,3.4177355882e+08,3.4196450340e+08
read,153,2.0613599992e+02,2.0602089787e+02,3.4177302517e+08,3.4196397073e+08
read,154,2.0613572192e+02,2.0602062011e+02,3.4177348609e+08,3.4196443177e+08
read,155,2.0613574100e+02,2.0602063107e+02,3.4177345446e+08,3.4196441357e+08
read,156,2.0613570404e+02,2.0602059484e+02,3.4177351573e+08,3.4196447372e+08
read,157,2.0613598800e+02,2.0602089000e+02,3.4177304493e+08,3.4196398379e+08
read,158,2.0613582301e+02,2.0602072191e+02,3.4177331848e+08,3.4196426279e+08
read,159,2.0613602185e+02,2.0602091718e+02,3.4177298880e+08,3.4196393868e+08
read,160,2.0613554287e+02,2.0602043295e+02,3.4177378295e+08,3.4196474243e+08
read,161,2.0613574791e+02,2.0602065516e+02,3.4177344300e+08,3.4196437360e+08
read,162,2.0613567805e+02,2.0602057695e+02,3.4177355882e+08,3.4196450340e+08
read,163,2.0613600111e+02,2.0602089691e+02,3.4177302319e+08,3.4196397232e+08
read,164,2.0613572001e+02,2.0602061892e+02,3.4177348925e+08,3.4196443375e+08
read,165,2.0613573384e+02,2.0602063203e+02,3.4177346632e+08,3.4196441198e+08
read,166,2.0613568091e+02,2.0602058196e+02,3.4177355408e+08,3.4196449509e+08
read,167,2.0613599205e+02,2.0602089000e+02,3.4177303821e+08,3.4196398379e+08
read,168,2.0613582206e+02,2.0602072001e+02,3.4177332006e+08,3.4196426595e+08
read,169,2.0613602591e+02,2.0602091503e+02,3.4177298208e+08,3.4196394224e+08
read,170,2.0613554192e+02,2.0602043390e+02,3.4177378454e+08,3.4196474084e+08
read,171,2.0613575792e+02,2.0602065516e+02,3.4177342640e+08,3.4196437360e+08
read,172,2.0613567901e+02,2.0602057600e+02,3.4177355724e+08,3.4196450498e+08
read,173,2.0613599896e+02,2.0602089787e+02,3.4177302675e+08,3.4196397073e+08
read,174,2.0613572502e+02,2.0602062011e+02,3.4177348095e+08,3.4196443177e+08
read,175,2.0613573384e+02,2.0602062988e+02,3.4177346632e+08,3.4196441554e+08
read,176,2.0613568401e+02,2.0602058196e+02,3.4177354894e+08,3.4196449509e+08
read,177,2.0613598514e+02,2.0602089000e+02,3.4177304968e+08,3.4196398379e+08
read,178,2.0613582492e+02,2.0602072382e+02,3.4177331532e+08,3.4196425962e+08
read,179,2.0613601780e+02,2.0602091503e+02,3.4177299552e+08,3.4196394224e+08
read,180,2.0613554406e+02,2.0602043390e+02,3.4177378098e+08,3.4196474084e+08
read,181,2.0613575482e+02,2.0602065706e+02,3.4177343153e+08,3.4196437043e+08
read,182,2.0613567805e+02,2.0602057791e+02,3.4177355882e+08,3.4196450182e+08
read,183,2.0613599896e+02,2.0602089787e+02,3.4177302675e+08,3.4196397073e+08
read,184,2.0613572001e+02,2.0602061701e+02,3.4177348925e+08,3.4196443691e+08
read,185,2.0613573885e+02,2.0602062988e+02,3.4177345802e+08,3.4196441554e+08
read,186,2.0613569713e+02,2.0602058792e+02,3.4177352720e+08,3.4196448519e+08
read,187,2.0613602710e+02,2.0602089381e+02,3.4177298010e+08,3.4196397746e+08
read,188,2.0613582110e+02,2.0602072096e+02,3.4177332164e+08,3.4196426437e+08
read,189,2.0613601899e+02,2.0602091503e+02,3.4177299354e+08,3.4196394224e+08
read,190,2.0613558388e+02,2.0602043486e+02,3.4177371496e+08,3.4196473926e+08
read,191,2.0613575292e+02,2.0602065611e+02,3.4177343470e+08,3.4196437201e+08
read,192,2.0613567710e+02,2.0602057695e+02,3.4177356040e+08,3.4196450340e+08
read,193,2.0613599706e+02,2.0602089691e+02,3.4177302991e+08,3.4196397232e+08
read,194,2.0613571787e+02,2.0602061796e+02,3.4177349281e+08,3.4196443533e+08
read,195,2.0613574004e+02,2.0602062988e+02,3.4177345604e+08,3.4196441554e+08
read,196,2.0613568211e+02,2.0602058387e+02,3.4177355210e+08,3.4196449192e+08
read,197,2.0613598704e+02,2.0602089095e+02,3.4177304651e+08,3.4196398221e+08
read,198,2.0613582301e+02,2.0602072096e+02,3.4177331848e+08,3.4196426437e+08
read,199,2.0613601899e+02,2.0602091622e+02,3.4177299354e+08,3.4196394026e+08
read,200,2.0613554382e+02,2.0602043390e+02,3.4177378137e+08,3.4196474084e+08
read,201,2.0613575482e+02,2.0602065611e+02,3.4177343153e+08,3.4196437201e+08
read,202,2.0613567996e+02,2.0602057385e+02,3.4177355566e+08,3.4196450854e+08
read,203,2.0613599801e+02,2.0602089596e+02,3.4177302833e+08,3.4196397390e+08
read,204,2.0613571620e+02,2.0602061796e+02,3.4177349557e+08,3.4196443533e+08
read,205,2.0613573408e+02,2.0602063107e+02,3.4177346593e+08,3.4196441357e+08
read,206,2.0613568592e+02,2.0602058387e+02,3.4177354578e+08,3.4196449192e+08
read,207,2.0613598585e+02,2.0602089095e+02,3.4177304849e+08,3.4196398221e+08
read,208,2.0613582492e+02,2.0602072096e+02,3.4177331532e+08,3.4196426437e+08
read,209,2.0613603878e+02,2.0602092004e+02,3.4177296073e+08,3.4196393393e+08
read,210,2.0613554287e+02,2.0602043605e+02,3.4177378295e+08,3.4196473728e+08
read,211,2.0613575482e+02,2.0602065492e+02,3.4177343153e+08,3.4196437399e+08
read,212,2.0613567805e+02,2.0602057695e+02,3.4177355882e+08,3.4196450340e+08
read,213,2.0613602996e+02,2.0602089596e+02,3.4177297536e+08,3.4196397390e+08
read,214,2.0613572097e+02,2.0602062011e+02,3.4177348767e+08,3.4196443177e+08
read,215,2.0613573194e+02,2.0602063203e+02,3.4177346948e+08,3.4196441198e+08
read,216,2.0613568497e+02,2.0602058291e+02,3.4177354736e+08,3.4196449351e+08
read,217,2.0613599014e+02,2.0602089095e+02,3.4177304138e+08,3.4196398221e+08
read,218,2.0613582301e+02,2.0602072096e+02,3.4177331848e+08,3.4196426437e+08
read,219,2.0613601995e+02,2.0602091908e+02,3.4177299196e+08,3.4196393551e+08
read,220,2.0613554478e+02,2.0602043295e+02,3.4177377979e+08,3.4196474243e+08
read,221,2.0613575387e+02,2.0602065492e+02,3.4177343312e+08,3.4196437399e+08
read,222,2.0613567710e+02,2.0602057695e+02,3.4177356040e+08,3.4196450340e+08
read,223,2.0613599706e+02,2.0602089596e+02,3.4177302991e+08,3.4196397390e+08
read,224,2.0613571692e+02,2.0602061892e+02,3.4177349439e+08,3.4196443375e+08
read,225,2.0613573909e+02,2.0602063203e+02,3.4177345762e+08,3.4196441198e+08
read,226,2.0613568711e+02,2.0602058601e+02,3.4177354380e+08,3.4196448836e+08
read,227,2.0613598895e+02,2.0602089095e+02,3.4177304335e+08,3.4196398221e+08
read,228,2.0613582397e+02,2.0602072191e+02,3.4177331690e+08,3.4196426279e+08
read,229,2.0613602090e+02,2.0602091718e+02,3.4177299038e+08,3.4196393868e+08
read,230,2.0613554597e+02,2.0602043486e+02,3.4177377782e+08,3.4196473926e+08
read,231,2.0613575292e+02,2.0602065587e+02,3.4177343470e+08,3.4196437241e+08
read,232,2.0613568115e+02,2.0602057385e+02,3.4177355368e+08,3.4196450854e+08
read,233,2.0613599706e+02,2.0602089787e+02,3.4177302991e+08,3.4196397073e+08
read,234,2.0613573694e+02,2.0602062011e+02,3.4177346118e+08,3.4196443177e+08
read,235,2.0613573790e+02,2.0602063298e+02,3.4177345960e+08,3.4196441040e+08
read,236,2.0613568401e+02,2.0602058601e+02,3.4177354894e+08,3.4196448836e+08
read,237,2.0613598609e+02,2.0602089190e+02,3.4177304810e+08,3.4196398063e+08
read,238,2.0613582611e+02,2.0602072096e+02,3.4177331334e+08,3.4196426437e+08
read,239,2.0613601995e+02,2.0602091622e+02,3.4177299196e+08,3.4196394026e+08
read,240,2.0613554478e+02,2.0602043390e+02,3.4177377979e+08,3.4196474084e+08
read,241,2.0613578296e+02,2.0602065492e+02,3.4177338489e+08,3.4196437399e+08
read,242,2.0613568211e+02,2.0602057385e+02,3.4177355210e+08,3.4196450854e+08
read,243,2.0613599801e+02,2.0602089691e+02,3.4177302833e+08,3.4196397232e+08
read,244,2.0613572097e+02,2.0602061605e+02,3.4177348767e+08,3.4196443850e+08
read,245,2.0613574481e+02,2.0602062893e+02,3.4177344814e+08,3.4196441713e+08
read,246,2.0613568115e+02,2.0602058482e+02,3.4177355368e+08,3.4196449034e+08
read,247,2.0613598680e+02,2.0602088881e+02,3.4177304691e+08,3.4196398577e+08
read,248,2.0613582611e+02,2.0602072001e+02,3.4177331334e+08,3.4196426595e+08
read,249,2.0613602209e+02,2.0602091599e+02,3.4177298841e+08,3.4196394066e+08
read,250,2.0613554192e+02,2.0602043295e+02,3.4177378454e+08,3.4196474243e+08
read,251,2.0613575602e+02,2.0602065682e+02,3.4177342956e+08,3.4196437083e+08
read,252,2.0613568211e+02,2.0602057385e+02,3.4177355210e+08,3.4196450854e+08
read,253,2.0613600016e+02,2.0602089500e+02,3.4177302477e+08,3.4196397548e+08
read,254,2.0613571906e+02,2.0602061892e+02,3.4177349083e+08,3.4196443375e+08
read,255,2.0613573790e+02,2.0602063107e+02,3.4177345960e+08,3.4196441357e+08
read,256,2.0613568401e+02,2.0602058482e+02,3.4177354894e+08,3.4196449034e+08
read,257,2.0613598609e+02,2.0602089000e+02,3.4177304810e+08,3.4196398379e+08
read,258,2.0613582611e+02,2.0602072191e+02,3.4177331334e+08,3.4196426279e+08
read,259,2.0613602185e+02,2.0602091885e+02,3.4177298880e+08,3.4196393591e+08
read,260,2.0613554382e+02,2.0602043605e+02,3.4177378137e+08,3.4196473728e+08
read,261,2.0613575482e+02,2.0602065682e+02,3.4177343153e+08,3.4196437083e+08
read,262,2.0613567710e+02,2.0602057600e+02,3.4177356040e+08,3.4196450498e+08
read,263,2.0613600302e+02,2.0602089906e+02,3.4177302003e+08,3.4196396875e+08
read,264,2.0613571787e+02,2.0602061701e+02,3.4177349281e+08,3.4196443691e+08
read,265,2.0613573384e+02,2.0602063107e+02,3.4177346632e+08,3.4196441357e+08
read,266,2.0613568401e+02,2.0602058291e+02,3.4177354894e+08,3.4196449351e+08
read,267,2.0613598585e+02,2.0602089381e+02,3.4177304849e+08,3.4196397746e+08
read,268,2.0613582492e+02,2.0602072096e+02,3.4177331532e+08,3.4196426437e+08
read,269,2.0613601995e+02,2.0602091503e+02,3.4177299196e+08,3.4196394224e+08
read,270,2.0613554287e+02,2.0602043486e+02,3.4177378295e+08,3.4196473926e+08
read,271,2.0613575697e+02,2.0602065587e+02,3.4177342798e+08,3.4196437241e+08
read,272,2.0613567805e+02,2.0602057791e+02,3.4177355882e+08,3.4196450182e+08
read,273,2.0613599801e+02,2.0602089596e+02,3.4177302833e+08,3.4196397390e+08
read,274,2.0613572097e+02,2.0602061796e+02,3.4177348767e+08,3.4196443533e+08
read,275,2.0613574195e+02,2.0602063107e+02,3.4177345288e+08,3.4196441357e+08
read,276,2.0613568306e+02,2.0602058482e+02,3.4177355052e+08,3.4196449034e+08
read,277,2.0613599014e+02,2.0602089000e+02,3.4177304138e+08,3.4196398379e+08
read,278,2.0613582802e+02,2.0602072096e+02,3.4177331018e+08,3.4196426437e+08
read,279,2.0613601899e+02,2.0602091599e+02,3.4177299354e+08,3.4196394066e+08
read,280,2.0613554597e+02,2.0602043605e+02,3.4177377782e+08,3.4196473728e+08
read,281,2.0613576794e+02,2.0602066207e+02,3.4177340979e+08,3.4196436212e+08
read,282,2.0613567805e+02,2.0602057791e+02,3.4177355882e+08,3.4196450182e+08
read,283,2.0613599992e+02,2.0602089882e+02,3.4177302517e+08,3.4196396915e+08
read,284,2.0613571692e+02,2.0602062011e+02,3.4177349439e+08,3.4196443177e+08
read,285,2.0613573313e+02,2.0602063489e+02,3.4177346751e+08,3.4196440723e+08
read,286,2.0613568497e+02,2.0602058482e+02,3.4177354736e+08,3.4196449034e+08
read,287,2.0613601398e+02,2.0602089286e+02,3.4177300185e+08,3.4196397904e+08
read,288,2.0613582206e+02,2.0602072501e+02,3.4177332006e+08,3.4196425764e+08
read,289,2.0613601685e+02,2.0602091813e+02,3.4177299710e+08,3.4196393710e+08
read,290,2.0613554382e+02,2.0602043891e+02,3.4177378137e+08,3.4196473253e+08
read,291,2.0613575196e+02,2.0602065921e+02,3.4177343628e+08,3.4196436687e+08
read,292,2.0613567805e+02,2.0602057981e+02,3.4177355882e+08,3.4196449865e+08
read,293,2.0613599896e+02,2.0602089882e+02,3.4177302675e+08,3.4196396915e+08
read,294,2.0613572288e+02,2.0602062106e+02,3.4177348450e+08,3.4196443019e+08
read,295,2.0613573503e+02,2.0602063298e+02,3.4177346434e+08,3.4196441040e+08
read,296,2.0613568401e+02,2.0602058792e+02,3.4177354894e+08,3.4196448519e+08
read,297,2.0613598490e+02,2.0602089286e+02,3.4177305007e+08,3.4196397904e+08
read,298,2.0613582301e+02,2.0602072287e+02,3.4177331848e+08,3.4196426121e+08
read,299,2.0613601685e+02,2.0602091908e+02,3.4177299710e+08,3.4196393551e+08
read,300,2.0613554716e+02,2.0602043891e+02,3.4177377584e+08,3.4196473253e+08
read,301,2.0613575602e+02,2.0602066016e+02,3.4177342956e+08,3.4196436529e+08
read,302,2.0613568115e+02,2.0602057791e+02,3.4177355368e+08,3.4196450182e+08
read,303,2.0613599992e+02,2.0602089882e+02,3.4177302517e+08,3.4196396915e+08
read,304,2.0613571906e+02,2.0602062011e+02,3.4177349083e+08,3.4196443177e+08
read,305,2.0613573194e+02,2.0602063394e+02,3.4177346948e+08,3.4196440882e+08
read,306,2.0613568306e+02,2.0602058697e+02,3.4177355052e+08,3.4196448678e+08
read,307,2.0613598394e+02,2.0602089381e+02,3.4177305165e+08,3.4196397746e+08
read,308,2.0613582492e+02,2.0602072287e+02,3.4177331532e+08,3.4196426121e+08
read,309,2.0613601685e+02,2.0602091908e+02,3.4177299710e+08,3.4196393551e+08
read,310,2.0613554287e+02,2.0602043986e+02,3.4177378295e+08,3.4196473095e+08
read,311,2.0613575482e+02,2.0602066016e+02,3.4177343153e+08,3.4196436529e+08
read,312,2.0613569307e+02,2.0602058387e+02,3.4177353392e+08,3.4196449192e+08
read,313,2.0613599896e+02,2.0602090001e+02,3.4177302675e+08,3.4196396717e+08
read,314,2.0613572097e+02,2.0602062297e+02,3.4177348767e+08,3.4196442702e+08
read,315,2.0613573289e+02,2.0602063489e+02,3.4177346790e+08,3.4196440723e+08
read,316,2.0613568401e+02,2.0602058697e+02,3.4177354894e+08,3.4196448678e+08
read,317,2.0613598585e+02,2.0602089381e+02,3.4177304849e+08,3.4196397746e+08
read,318,2.0613582492e+02,2.0602072501e+02,3.4177331532e+08,3.4196425764e+08
read,319,2.0613601995e+02,2.0602091908e+02,3.4177299196e+08,3.4196393551e+08
read,320,2.0613554692e+02,2.0602043796e+02,3.4177377623e+08,3.4196473412e+08
read,321,2.0613575697e+02,2.0602066207e+02,3.4177342798e+08,3.4196436212e+08
read,322,2.0613567805e+02,2.0602057981e+02,3.4177355882e+08,3.4196449865e+08
read,323,2.0613599801e+02,2.0602090192e+02,3.4177302833e+08,3.4196396401e+08
read,324,2.0613572192e+02,2.0602062106e+02,3.4177348609e+08,3.4196443019e+08
read,325,2.0613573599e+02,2.0602063394e+02,3.4177346276e+08,3.4196440882e+08
read,326,2.0613568401e+02,2.0602058601e+02,3.4177354894e+08,3.4196448836e+08
read,327,2.0613598704e+02,2.0602089286e+02,3.4177304651e+08,3.4196397904e+08
read,328,2.0613582492e+02,2.0602072382e+02,3.4177331532e+08,3.4196425962e+08
read,329,2.0613601780e+02,2.0602092004e+02,3.4177299552e+08,3.4196393393e+08
read,330,2.0613554716e+02,2.0602043700e+02,3.4177377584e+08,3.4196473570e+08
read,331,2.0613575292e+02,2.0602066112e+02,3.4177343470e+08,3.4196436370e+08
read,332,2.0613568115e+02,2.0602057981e+02,3.4177355368e+08,3.4196449865e+08
read,333,2.0613599801e+02,2.0602090096e+02,3.4177302833e+08,3.4196396559e+08
read,334,2.0613572097e+02,2.0602062011e+02,3.4177348767e+08,3.4196443177e+08
read,335,2.0613573289e+02,2.0602063704e+02,3.4177346790e+08,3.4196440367e+08
read,336,2.0613569117e+02,2.0602058697e+02,3.4177353708e+08,3.4196448678e+08
read,337,2.0613598490e+02,2.0602089691e+02,3.4177305007e+08,3.4196397232e+08
read,338,2.0613582301e+02,2.0602072501e+02,3.4177331848e+08,3.4196425764e+08
read,339,2.0613602090e+02,2.0602091908e+02,3.4177299038e+08,3.4196393551e+08
read,340,2.0613554406e+02,2.0602043796e+02,3.4177378098e+08,3.4196473412e+08
read,341,2.0613575387e+02,2.0602066016e+02,3.4177343312e+08,3.4196436529e+08
read,342,2.0613568807e+02,2.0602058101e+02,3.4177354222e+08,3.4196449667e+08
read,343,2.0613599706e+02,2.0602089882e+02,3.4177302991e+08,3.4196396915e+08
read,344,2.0613572097e+02,2.0602062011e+02,3.4177348767e+08,3.4196443177e+08
read,345,2.0613573194e+02,2.0602063298e+02,3.4177346948e+08,3.4196441040e+08
read,346,2.0613568592e+02,2.0602058697e+02,3.4177354578e+08,3.4196448678e+08
read,347,2.0613598490e+02,2.0602089500e+02,3.4177305007e+08,3.4196397548e+08
read,348,2.0613582206e+02,2.0602072382e+02,3.4177332006e+08,3.4196425962e+08
read,349,2.0613602018e+02,2.0602091813e+02,3.4177299157e+08,3.4196393710e+08
read,350,2.0613554287e+02,2.0602043891e+02,3.4177378295e+08,3.4196473253e+08
read,351,2.0613575482e+02,2.0602066016e+02,3.4177343153e+08,3.4196436529e+08
read,352,2.0613567710e+02,2.0602057886e+02,3.4177356040e+08,3.4196450023e+08
read,353,2.0613599896e+02,2.0602090001e+02,3.4177302675e+08,3.4196396717e+08
read,354,2.0613572192e+02,2.0602062201e+02,3.4177348609e+08,3.4196442860e+08
read,355,2.0613573194e+02,2.0602063704e+02,3.4177346948e+08,3.4196440367e+08
read,356,2.0613571382e+02,2.0602058697e+02,3.4177349953e+08,3.4196448678e+08
read,357,2.0613598394e+02,2.0602089787e+02,3.4177305165e+08,3.4196397073e+08
read,358,2.0613582492e+02,2.0602072382e+02,3.4177331532e+08,3.4196425962e+08
read,359,2.0613601899e+02,2.0602092004e+02,3.4177299354e+08,3.4196393393e+08
read,360,2.0613554716e+02,2.0602043796e+02,3.4177377584e+08,3.4196473412e+08
read,361,2.0613575697e+02,2.0602066016e+02,3.4177342798e+08,3.4196436529e+08
read,362,2.0613567710e+02,2.0602057981e+02,3.4177356040e+08,3.4196449865e+08
read,363,2.0613599896e+02,2.0602089882e+02,3.4177302675e+08,3.4196396915e+08
read,364,2.0613572502e+02,2.0602062011e+02,3.4177348095e+08,3.4196443177e+08
read,365,2.0613573599e+02,2.0602063489e+02,3.4177346276e+08,3.4196440723e+08
read,366,2.0613568306e+02,2.0602058482e+02,3.4177355052e+08,3.4196449034e+08
read,367,2.0613598585e+02,2.0602089286e+02,3.4177304849e+08,3.4196397904e+08
read,368,2.0613582397e+02,2.0602072597e+02,3.4177331690e+08,3.4196425606e+08
read,369,2.0613602614e+02,2.0602091813e+02,3.4177298169e+08,3.4196393710e+08
read,370,2.0613554502e+02,2.0602043796e+02,3.4177377940e+08,3.4196473412e+08
read,371,2.0613576007e+02,2.0602066112e+02,3.4177342284e+08,3.4196436370e+08
read,372,2.0613568115e+02,2.0602058196e+02,3.4177355368e+08,3.4196449509e+08
read,373,2.0613599801e+02,2.0602089882e+02,3.4177302833e+08,3.4196396915e+08
read,374,2.0613572383e+02,2.0602062297e+02,3.4177348292e+08,3.4196442702e+08
read,375,2.0613573480e+02,2.0602063298e+02,3.4177346474e+08,3.4196441040e+08
read,376,2.0613568401e+02,2.0602058697e+02,3.4177354894e+08,3.4196448678e+08
read,377,2.0613598609e+02,2.0602089500e+02,3.4177304810e+08,3.4196397548e+08
read,378,2.0613584614e+02,2.0602072501e+02,3.4177328014e+08,3.4196425764e+08
read,379,2.0613602090e+02,2.0602091813e+02,3.4177299038e+08,3.4196393710e+08
read,380,2.0613554502e+02,2.0602043700e+02,3.4177377940e+08,3.4196473570e+08
read,381,2.0613575697e+02,2.0602066112e+02,3.4177342798e+08,3.4196436370e+08
read,382,2.0613568211e+02,2.0602057791e+02,3.4177355210e+08,3.4196450182e+08
read,383,2.0613599992e+02,2.0602089882e+02,3.4177302517e+08,3.4196396915e+08
read,384,2.0613574481e+02,2.0602061915e+02,3.4177344814e+08,3.4196443335e+08
read,385,2.0613573003e+02,2.0602063489e+02,3.4177347265e+08,3.4196440723e+08
read,386,2.0613568902e+02,2.0602058601e+02,3.4177354064e+08,3.4196448836e+08
read,387,2.0613598585e+02,2.0602089381e+02,3.4177304849e+08,3.4196397746e+08
read,388,2.0613582301e+02,2.0602072501e+02,3.4177331848e+08,3.4196425764e+08
read,389,2.0613602614e+02,2.0602092004e+02,3.4177298169e+08,3.4196393393e+08
read,390,2.0613554907e+02,2.0602043891e+02,3.4177377268e+08,3.4196473253e+08
read,391,2.0613574910e+02,2.0602066207e+02,3.4177344102e+08,3.4196436212e+08
read,392,2.0613567901e+02,2.0602057981e+02,3.4177355724e+08,3.4196449865e+08
read,393,2.0613599706e+02,2.0602090096e+02,3.4177302991e+08,3.4196396559e+08
read,394,2.0613572288e+02,2.0602061915e+02,3.4177348450e+08,3.4196443335e+08
read,395,2.0613573194e+02,2.0602063489e+02,3.4177346948e+08,3.4196440723e+08
read,396,2.0613568306e+02,2.0602058697e+02,3.4177355052e+08,3.4196448678e+08
read,397,2.0613598704e+02,2.0602089500e+02,3.4177304651e+08,3.4196397548e+08
read,398,2.0613582492e+02,2.0602072597e+02,3.4177331532e+08,3.4196425606e+08
read,399,2.0613601899e+02,2.0602092218e+02,3.4177299354e+08,3.4196393037e+08
read,400,2.0613554907e+02,2.0602043700e+02,3.4177377268e+08,3.4196473570e+08
read,401,2.0613575292e+02,2.0602065921e+02,3.4177343470e+08,3.4196436687e+08
read,402,2.0613568115e+02,2.0602058196e+02,3.4177355368e+08,3.4196449509e+08
read,403,2.0613599706e+02,2.0602090192e+02,3.4177302991e+08,3.4196396401e+08
read,404,2.0613573694e+02,2.0602062201e+02,3.4177346118e+08,3.4196442860e+08
read,405,2.0613573194e+02,2.0602063394e+02,3.4177346948e+08,3.4196440882e+08
read,406,2.0613568711e+02,2.0602058601e+02,3.4177354380e+08,3.4196448836e+08
read,407,2.0613598704e+02,2.0602089286e+02,3.4177304651e+08,3.4196397904e+08
read,408,2.0613586402e+02,2.0602072382e+02,3.4177325049e+08,3.4196425962e+08
read,409,2.0613602114e+02,2.0602091813e+02,3.4177298999e+08,3.4196393710e+08
read,410,2.0613554502e+02,2.0602043796e+02,3.4177377940e+08,3.4196473412e+08
read,411,2.0613575387e+02,2.0602066112e+02,3.4177343312e+08,3.4196436370e+08
read,412,2.0613568020e+02,2.0602057791e+02,3.4177355526e+08,3.4196450182e+08
read,413,2.0613599706e+02,2.0602090096e+02,3.4177302991e+08,3.4196396559e+08
read,414,2.0613572502e+02,2.0602062201e+02,3.4177348095e+08,3.4196442860e+08
read,415,2.0613573503e+02,2.0602063584e+02,3.4177346434e+08,3.4196440565e+08
read,416,2.0613568711e+02,2.0602058697e+02,3.4177354380e+08,3.4196448678e+08
read,417,2.0613598585e+02,2.0602089596e+02,3.4177304849e+08,3.4196397390e+08
read,418,2.0613582206e+02,2.0602072597e+02,3.4177332006e+08,3.4196425606e+08
read,419,2.0613601899e+02,2.0602092218e+02,3.4177299354e+08,3.4196393037e+08
read,420,2.0613555217e+02,2.0602043796e+02,3.4177376754e+08,3.4196473412e+08
read,421,2.0613575387e+02,2.0602066112e+02,3.4177343312e+08,3.4196436370e+08
read,422,2.0613567805e+02,2.0602057886e+02,3.4177355882e+08,3.4196450023e+08
read,423,2.0613599777e+02,2.0602090096e+02,3.4177302873e+08,3.4196396559e+08
read,424,2.0613572288e+02,2.0602062106e+02,3.4177348450e+08,3.4196443019e+08
read,425,2.0613573003e+02,2.0602063489e+02,3.4177347265e+08,3.4196440723e+08
read,426,2.0613568211e+02,2.0602058887e+02,3.4177355210e+08,3.4196448361e+08
read,427,2.0613599014e+02,2.0602089381e+02,3.4177304138e+08,3.4196397746e+08
read,428,2.0613582301e+02,2.0602072501e+02,3.4177331848e+08,3.4196425764e+08
read,429,2.0613601685e+02,2.0602092004e+02,3.4177299710e+08,3.4196393393e+08
read,430,2.0613554502e+02,2.0602043796e+02,3.4177377940e+08,3.4196473412e+08
read,431,2.0613575387e+02,2.0602066112e+02,3.4177343312e+08,3.4196436370e+08
read,432,2.0613568020e+02,2.0602058196e+02,3.4177355526e+08,3.4196449509e+08
read,433,2.0613599491e+02,2.0602090383e+02,3.4177303347e+08,3.4196396084e+08
read,434,2.0613572097e+02,2.0602062106e+02,3.4177348767e+08,3.4196443019e+08
read,435,2.0613573599e+02,2.0602063489e+02,3.4177346276e+08,3.4196440723e+08
read,436,2.0613568592e+02,2.0602058792e+02,3.4177354578e+08,3.4196448519e+08
read,437,2.0613598585e+02,2.0602089381e+02,3.4177304849e+08,3.4196397746e+08
read,438,2.0613582397e+02,2.0602072597e+02,3.4177331690e+08,3.4196425606e+08
read,439,2.0613601899e+02,2.0602091908e+02,3.4177299354e+08,3.4196393551e+08
read,440,2.0613554502e+02,2.0602043891e+02,3.4177377940e+08,3.4196473253e+08
read,441,2.0613575292e+02,2.0602066016e+02,3.4177343470e+08,3.4196436529e+08
read,442,2.0613567710e+02,2.0602057695e+02,3.4177356040e+08,3.4196450340e+08
read,443,2.0613599801e+02,2.0602090001e+02,3.4177302833e+08,3.4196396717e+08
read,444,2.0613572001e+02,2.0602062011e+02,3.4177348925e+08,3.4196443177e+08
read,445,2.0613573194e+02,2.0602063584e+02,3.4177346948e+08,3.4196440565e+08
read,446,2.0613568306e+02,2.0602058482e+02,3.4177355052e+08,3.4196449034e+08
read,447,2.0613598895e+02,2.0602089500e+02,3.4177304335e+08,3.4196397548e+08
read,448,2.0613582397e+02,2.0602072382e+02,3.4177331690e+08,3.4196425962e+08
read,449,2.0613601589e+02,2.0602091813e+02,3.4177299868e+08,3.4196393710e+08
read,450,2.0613555002e+02,2.0602043796e+02,3.4177377110e+08,3.4196473412e+08
read,451,2.0613575602e+02,2.0602066302e+02,3.4177342956e+08,3.4196436054e+08
read,452,2.0613567615e+02,2.0602058005e+02,3.4177356198e+08,3.4196449825e+08
read,453,2.0613600111e+02,2.0602090096e+02,3.4177302319e+08,3.4196396559e+08
read,454,2.0613572288e+02,2.0602062106e+02,3.4177348450e+08,3.4196443019e+08
read,455,2.0613573289e+02,2.0602063489e+02,3.4177346790e+08,3.4196440723e+08
read,456,2.0613568711e+02,2.0602058697e+02,3.4177354380e+08,3.4196448678e+08
read,457,2.0613598394e+02,2.0602089500e+02,3.4177305165e+08,3.4196397548e+08
read,458,2.0613582206e+02,2.0602072501e+02,3.4177332006e+08,3.4196425764e+08
read,459,2.0613601899e+02,2.0602091813e+02,3.4177299354e+08,3.4196393710e+08
read,460,2.0613554406e+02,2.0602043796e+02,3.4177378098e+08,3.4196473412e+08
read,461,2.0613575697e+02,2.0602066112e+02,3.4177342798e+08,3.4196436370e+08
read,462,2.0613567805e+02,2.0602057886e+02,3.4177355882e+08,3.4196450023e+08
read,463,2.0613599706e+02,2.0602090001e+02,3.4177302991e+08,3.4196396717e+08
read,464,2.0613572097e+02,2.0602061915e+02,3.4177348767e+08,3.4196443335e+08
read,465,2.0613573098e+02,2.0602063489e+02,3.4177347106e+08,3.4196440723e+08
read,466,2.0613568497e+02,2.0602058601e+02,3.4177354736e+08,3.4196448836e+08
read,467,2.0613598704e+02,2.0602089286e+02,3.4177304651e+08,3.4196397904e+08
read,468,2.0613582706e+02,2.0602072382e+02,3.4177331176e+08,3.4196425962e+08
read,469,2.0613601995e+02,2.0602091908e+02,3.4177299196e+08,3.4196393551e+08
read,470,2.0613554811e+02,2.0602043986e+02,3.4177377426e+08,3.4196473095e+08
read,471,2.0613575602e+02,2.0602066302e+02,3.4177342956e+08,3.4196436054e+08
read,472,2.0613567901e+02,2.0602058101e+02,3.4177355724e+08,3.4196449667e+08
read,473,2.0613599610e+02,2.0602090001e+02,3.4177303149e+08,3.4196396717e+08
read,474,2.0613572001e+02,2.0602061915e+02,3.4177348925e+08,3.4196443335e+08
read,475,2.0613573408e+02,2.0602063394e+02,3.4177346593e+08,3.4196440882e+08
read,476,2.0613568401e+02,2.0602058601e+02,3.4177354894e+08,3.4196448836e+08
read,477,2.0613600087e+02,2.0602089691e+02,3.4177302359e+08,3.4196397232e+08
read,478,2.0613582706e+02,2.0602072692e+02,3.4177331176e+08,3.4196425448e+08
read,479,2.0613601685e+02,2.0602092004e+02,3.4177299710e+08,3.4196393393e+08
read,480,2.0613554478e+02,2.0602043986e+02,3.4177377979e+08,3.4196473095e+08
read,481,2.0613575602e+02,2.0602066207e+02,3.4177342956e+08,3.4196436212e+08
read,482,2.0613567710e+02,2.0602057695e+02,3.4177356040e+08,3.4196450340e+08
read,483,2.0613600111e+02,2.0602090001e+02,3.4177302319e+08,3.4196396717e+08
read,484,2.0613572001e+02,2.0602062201e+02,3.4177348925e+08,3.4196442860e+08
read,485,2.0613573408e+02,2.0602063203e+02,3.4177346593e+08,3.4196441198e+08
read,486,2.0613568401e+02,2.0602058792e+02,3.4177354894e+08,3.4196448519e+08
read,487,2.0613598704e+02,2.0602089286e+02,3.4177304651e+08,3.4196397904e+08
read,488,2.0613582397e+02,2.0602072287e+02,3.4177331690e+08,3.4196426121e+08
read,489,2.0613602114e+02,2.0602092004e+02,3.4177298999e+08,3.4196393393e+08
read,490,2.0613554502e+02,2.0602043796e+02,3.4177377940e+08,3.4196473412e+08
read,491,2.0613575482e+02,2.0602066302e+02,3.4177343153e+08,3.4196436054e+08
read,492,2.0613567710e+02,2.0602057791e+02,3.4177356040e+08,3.4196450182e+08
read,493,2.0613599586e+02,2.0602090096e+02,3.4177303189e+08,3.4196396559e+08
read,494,2.0613572001e+02,2.0602062201e+02,3.4177348925e+08,3.4196442860e+08
read,495,2.0613573313e+02,2.0602063394e+02,3.4177346751e+08,3.4196440882e+08
read,496,2.0613568497e+02,2.0602058697e+02,3.4177354736e+08,3.4196448678e+08
read,497,2.0613598609e+02,2.0602089286e+02,3.4177304810e+08,3.4196397904e+08
read,498,2.0613582206e+02,2.0602072501e+02,3.4177332006e+08,3.4196425764e+08
read,499,2.0613601589e+02,2.0602092099e+02,3.4177299868e+08,3.4196393235e+08
read,500,2.0613554502e+02,2.0602043891e+02,3.4177377940e+08,3.4196473253e+08
read,501,2.0613575697e+02,2.0602066207e+02,3.4177342798e+08,3.4196436212e+08
read,502,2.0613567615e+02,2.0602058005e+02,3.4177356198e+08,3.4196449825e+08
read,503,2.0613599801e+02,2.0602090001e+02,3.4177302833e+08,3.4196396717e+08
read,504,2.0613572598e+02,2.0602061915e+02,3.4177347937e+08,3.4196443335e+08
read,505,2.0613573384e+02,2.0602063704e+02,3.4177346632e+08,3.4196440367e+08
read,506,2.0613568306e+02,2.0602058792e+02,3.4177355052e+08,3.4196448519e+08
read,507,2.0613598919e+02,2.0602089286e+02,3.4177304296e+08,3.4196397904e+08
read,508,2.0613582301e+02,2.0602072501e+02,3.4177331848e+08,3.4196425764e+08
read,509,2.0613601780e+02,2.0602092218e+02,3.4177299552e+08,3.4196393037e+08
read,510,2.0613554502e+02,2.0602043796e+02,3.4177377940e+08,3.4196473412e+08
read,511,2.0613575506e+02,2.0602066207e+02,3.4177343114e+08,3.4196436212e+08
read,512,2.0613567710e+02,2.0602058101e+02,3.4177356040e+08,3.4196449667e+08
read,513,2.0613599896e+02,2.0602089882e+02,3.4177302675e+08,3.4196396915e+08
read,514,2.0613572001e+02,2.0602061915e+02,3.4177348925e+08,3.4196443335e+08
read,515,2.0613573098e+02,2.0602063298e+02,3.4177347106e+08,3.4196441040e+08
read,516,2.0613568306e+02,2.0602058697e+02,3.4177355052e+08,3.4196448678e+08
read,517,2.0613598919e+02,2.0602089286e+02,3.4177304296e+08,3.4196397904e+08
read,518,2.0613582301e+02,2.0602072382e+02,3.4177331848e+08,3.4196425962e+08
read,519,2.0613601685e+02,2.0602092004e+02,3.4177299710e+08,3.4196393393e+08
read,520,2.0613554597e+02,2.0602043891e+02,3.4177377782e+08,3.4196473253e+08
read,521,2.0613575292e+02,2.0602065897e+02,3.4177343470e+08,3.4196436726e+08
read,522,2.0613567710e+02,2.0602057886e+02,3.4177356040e+08,3.4196450023e+08
read,523,2.0613600016e+02,2.0602090001e+02,3.4177302477e+08,3.4196396717e+08
read,524,2.0613572097e+02,2.0602062106e+02,3.4177348767e+08,3.4196443019e+08
read,525,2.0613573194e+02,2.0602063298e+02,3.4177346948e+08,3.4196441040e+08
read,526,2.0613568807e+02,2.0602058601e+02,3.4177354222e+08,3.4196448836e+08
read,527,2.0613598800e+02,2.0602089500e+02,3.4177304493e+08,3.4196397548e+08
read,528,2.0613582301e+02,2.0602072287e+02,3.4177331848e+08,3.4196426121e+08
read,529,2.0613601899e+02,2.0602091813e+02,3.4177299354e+08,3.4196393710e+08
read,530,2.0613554406e+02,2.0602043796e+02,3.4177378098e+08,3.4196473412e+08
read,531,2.0613575482e+02,2.0602065992e+02,3.4177343153e+08,3.4196436568e+08
read,532,2.0613567710e+02,2.0602057791e+02,3.4177356040e+08,3.4196450182e+08
read,533,2.0613600111e+02,2.0602090096e+02,3.4177302319e+08,3.4196396559e+08
read,534,2.0613572192e+02,2.0602062106e+02,3.4177348609e+08,3.4196443019e+08
read,535,2.0613573313e+02,2.0602063394e+02,3.4177346751e+08,3.4196440882e+08
read,536,2.0613568497e+02,2.0602058792e+02,3.4177354736e+08,3.4196448519e+08
read,537,2.0613598609e+02,2.0602089405e+02,3.4177304810e+08,3.4196397706e+08
read,538,2.0613583994e+02,2.0602072597e+02,3.4177329041e+08,3.4196425606e+08
read,539,2.0613602018e+02,2.0602092099e+02,3.4177299157e+08,3.4196393235e+08
read,540,2.0613554502e+02,2.0602043796e+02,3.4177377940e+08,3.4196473412e+08
read,541,2.0613575387e+02,2.0602065897e+02,3.4177343312e+08,3.4196436726e+08
read,542,2.0613567710e+02,2.0602058005e+02,3.4177356040e+08,3.4196449825e+08
read,543,2.0613601685e+02,2.0602090287e+02,3.4177299710e+08,3.4196396242e+08
read,544,2.0613572288e+02,2.0602062011e+02,3.4177348450e+08,3.4196443177e+08
read,545,2.0613573289e+02,2.0602063608e+02,3.4177346790e+08,3.4196440526e+08
read,546,2.0613568497e+02,2.0602058697e+02,3.4177354736e+08,3.4196448678e+08
read,547,2.0613598919e+02,2.0602089286e+02,3.4177304296e+08,3.4196397904e+08
read,548,2.0613582492e+02,2.0602072382e+02,3.4177331532e+08,3.4196425962e+08
read,549,2.0613601804e+02,2.0602092218e+02,3.4177299513e+08,3.4196393037e+08
read,550,2.0613554907e+02,2.0602043796e+02,3.4177377268e+08,3.4196473412e+08
read,551,2.0613575387e+02,2.0602065897e+02,3.4177343312e+08,3.4196436726e+08
read,552,2.0613567710e+02,2.0602057886e+02,3.4177356040e+08,3.4196450023e+08
read,553,2.0613599801e+02,2.0602090096e+02,3.4177302833e+08,3.4196396559e+08
read,554,2.0613573599e+02,2.0602078509e+02,3.4177346276e+08,3.4196415792e+08
read,555,2.0613573098e+02,2.0602063489e+02,3.4177347106e+08,3.4196440723e+08
read,556,2.0613568306e+02,2.0602058697e+02,3.4177355052e+08,3.4196448678e+08
read,557,2.0613598919e+02,2.0602089405e+02,3.4177304296e+08,3.4196397706e+08
read,558,2.0613582611e+02,2.0602072501e+02,3.4177331334e+08,3.4196425764e+08
read,559,2.0613601589e+02,2.0602091908e+02,3.4177299868e+08,3.4196393551e+08
